0001101101000010
0000001001001001
0001001001000000
0000010010010001
0001010010000000
1001110101000000
0000000000000001
0001000000001000
1101000110011110
0000000000000001
0001000000001001
1101000110011110
0000000000000001
0001000000001010
1101000110011110
0000000000000001
0001000000001100
1101000110011110
0000000000000001
0001000000001101
1101000110011110
0000000000000001
0001000000010000
0000000000000000
1101000110011110
0000000000000001
0001000000000000
1101110000101100
0001101101000001
0001010010000001
1111000000000101
0001001001000001
0001101101000001
1001111101000000
1101110111100011
1111000000000101
0000011011011001
0001011101000000
0000000000000001
1001110011000001
1100110011000000
1100110101000000
1110110000100110
0001011011000001
1111000000000101
0000000000000001
1100010000000000
1100010000000001
