0000101101101001
0001101101000010
0000001001001001
0001001001000000
0000010010010001
0001010010000000
1001110101000000
0000000000000001
0001000000001000
1101000110010110
0000000000000001
0001000000001001
1101000110010011
0000000000000001
0001000000001010
1101000110010000
0000000000000001
0001000000001100
1101000110001101
0000000000000001
0001000000001101
1101000110001010
0000000000000001
0001000000010000
0000000000000000
1101000110000110
0000111111111001
0001111111000000
1101110111010110
0001101101000001
0001010010000001
1111000000000110
0001001001000001
0001111111000001
0000110110110001
0001110110000010
0001101101000001
0001011101111110
1101110111000010
0001010010000001
1111000000000110
0000111111111001
0001111111000000
1001110101000000
0001101101111111
1100110101000000
0001101101000010
1110110111111001
0001101011000000
0001001001111111
1111000000000110
1100001111000000
0000001001010001
1100001111000001
1111000000110111
